albedo: 0.25
solar_radiation(w/m2)
0
0
0
2.95271667
12.95271667
22.95271667
72.95271667
92.95271667
140.0477333
215.2409333
260.5217167
153.08395
75.13111667
162.7416167
155.28885
122.1254667
11.73241667
6.062916667
4.6265
0.532566667
0.7261
2.608733333
0
4.82635
0
0
0
1.931466667
32.0329
122.1655
139.8584
276.6551
380.5756333
413.6229
238.0508167
358.1759667
364.1883833
295.9126667
294.08995
119.374
52.01088333
0
0
0
0
0
0.260733333
2.244616667
0
0
1.528783333
1.118183333
41.97475
141.94705
319.3481
579.3388333
644.23285
1049.493867
1017.33365
1089.01955
1025.645983
877.0786
731.0922
301.8290167
51.81738333
0
1.098016667
0
0
0
0
0
0
0
0.24035
4.278416667
42.9529
66.82285
538.6718667
801.7256
1015.0646
1141.182633
1158.13145
1122.961167
1026.43325
884.33465
607.8922333
102.0025
63.0614
1.846283333
0
0
0
0
1.152483333
2.458683333
0
2.692233333
1.605316667
0
31.60096667
63.02845
518.6206667
794.6360167
994.9843333
1062.211883
994.0161167
968.4201333
964.61425
886.9378667
546.3701333
105.9100833
47.79683333
0
1.662633333
4.23555
0
4.376666667
0
0
0
0
0
0
53.94645
145.0805833
244.26745
728.6171167
864.0754833
963.3914167
972.8897833
914.5075167
711.2628167
104.95085
19.29101667
3.874883333
0
0
1.048633333
0.821433333
0
0
0
0
0
0
1.652666667
4.79445
48.63153333
116.72355
397.6798167
754.4685833
686.1811
625.0703667
546.5004
478.263
418.0099
406.04995
153.12155
69.23505
35.99406667
0.597016667
2.6453
0
5.445366667
0
0
0
0
1.603666667
0
1.201866667
34.44295
116.1618833
234.3313
267.8636833